 Age (ka BP)   D(deg.)   I(deg.)  F(microT)
      49.95      4.47     59.15      59.0
      49.93      4.24     58.56      58.6
      49.91      4.03     57.95      58.1
      49.89      3.86     57.31      57.5
      49.87      3.71     56.66      57.0
      49.85      3.50     56.00      56.4
      49.83      3.16     55.33      55.9
      49.81      2.72     54.65      55.5
      49.79      2.21     53.92      55.0
      49.77      1.64     53.12      54.5
      49.75      1.05     52.20      53.8
      49.73      0.43     51.16      53.1
      49.71     -0.18     50.04      52.3
      49.69     -0.75     48.93      51.6
      49.67     -1.26     47.94      51.1
      49.65     -1.67     47.20      50.8
      49.63     -1.94     46.82      50.7
      49.61     -2.04     46.92      51.0
      49.59     -1.95     47.57      51.5
      49.57     -1.68     48.71      52.4
      49.55     -1.24     50.15      53.4
      49.53     -0.69     51.70      54.4
      49.51     -0.05     53.26      55.3
      49.49      0.61     54.75      56.2
      49.47      1.22     56.13      56.9
      49.45      1.72     57.43      57.6
      49.43      2.02     58.65      58.2
      49.41      2.17     59.76      58.7
      49.39      2.19     60.75      59.1
      49.37      2.14     61.60      59.4
      49.35      2.05     62.30      59.5
      49.33      1.94     62.86      59.4
      49.31      1.71     63.30      59.2
      49.29      1.22     63.65      59.1
      49.27      0.43     63.93      59.0
      49.25     -0.61     64.14      59.0
      49.23     -1.84     64.29      59.0
      49.21     -3.14     64.36      58.8
      49.19     -4.37     64.39      58.5
      49.17     -5.44     64.36      58.1
      49.15     -6.29     64.30      57.7
      49.13     -6.85     64.20      57.4
      49.11     -7.06     64.06      57.2
      49.09     -6.89     63.87      56.8
      49.07     -6.40     63.65      56.4
      49.05     -5.70     63.42      55.9
      49.03     -4.95     63.21      55.5
      49.01     -4.33     63.02      55.1
      48.99     -4.07     62.85      54.7
      48.97     -4.24     62.71      54.4
      48.95     -4.78     62.54      53.9
      48.93     -5.63     62.34      53.4
      48.91     -6.68     62.08      52.7
      48.89     -7.79     61.76      51.9
      48.87     -8.91     61.39      51.2
      48.85    -10.07     60.97      50.6
      48.83    -11.27     60.50      50.1
      48.81    -12.42     59.99      49.6
      48.79    -13.46     59.44      49.2
      48.77    -14.34     58.86      48.6
      48.75    -15.10     58.30      48.1
      48.73    -15.76     57.77      47.6
      48.71    -16.35     57.32      47.1
      48.69    -16.87     56.99      46.6
      48.67    -17.30     56.78      46.3
      48.65    -17.60     56.69      46.2
      48.63    -17.72     56.68      46.1
      48.61    -17.65     56.71      46.2
      48.59    -17.39     56.71      46.1
      48.57    -16.95     56.64      46.0
      48.55    -16.36     56.47      45.7
      48.53    -15.68     56.19      45.2
      48.51    -15.04     55.80      44.7
      48.49    -14.65     55.32      44.2
      48.47    -14.57     54.81      43.9
      48.45    -14.74     54.32      43.8
      48.43    -15.12     53.93      43.9
      48.41    -15.61     53.66      44.1
      48.39    -16.10     53.53      44.4
      48.37    -16.59     53.52      44.6
      48.35    -17.13     53.57      44.7
      48.33    -17.75     53.64      44.4
      48.31    -18.33     53.76      44.0
      48.29    -18.73     53.94      43.7
      48.27    -18.85     54.19      43.4
      48.25    -18.62     54.47      43.3
      48.23    -18.03     54.77      43.3
      48.21    -17.13     55.04      43.4
      48.19    -15.99     55.27      43.4
      48.17    -14.75     55.44      43.4
      48.15    -13.62     55.52      43.2
      48.13    -12.79     55.50      42.8
      48.11    -12.33     55.40      42.3
      48.09    -12.28     55.24      41.5
      48.07    -12.55     55.03      40.7
      48.05    -12.94     54.78      39.9
      48.03    -13.21     54.49      39.1
      48.01    -13.26     54.19      38.4
      47.99    -13.02     53.88      37.7
      47.97    -12.56     53.60      37.1
      47.95    -12.10     53.45      36.8
      47.93    -11.87     53.48      36.9
      47.91    -11.89     53.67      37.3
      47.89    -12.17     53.93      37.9
      47.87    -12.67     54.22      38.5
      47.85    -13.36     54.48      39.0
      47.83    -14.20     54.67      39.5
      47.81    -15.18     54.80      40.0
      47.79    -16.27     54.88      40.5
      47.77    -17.45     54.90      41.0
      47.75    -18.61     54.85      41.5
      47.73    -19.69     54.73      42.0
      47.71    -20.52     54.53      42.2
      47.69    -20.94     54.25      42.2
      47.67    -20.90     53.91      41.8
      47.65    -20.42     53.59      41.1
      47.63    -19.56     53.37      40.3
      47.61    -18.39     53.30      39.4
      47.59    -17.03     53.42      38.7
      47.57    -15.53     53.77      38.2
      47.55    -13.89     54.30      37.9
      47.53    -12.09     54.98      37.9
      47.51    -10.16     55.75      38.1
      47.49     -8.16     56.56      38.4
      47.47     -6.13     57.35      38.8
      47.45     -4.11     58.07      39.4
      47.43     -2.19     58.68      40.1
      47.41     -0.42     59.14      41.0
      47.39      1.16     59.41      41.7
      47.37      2.53     59.51      42.3
      47.35      3.69     59.44      42.8
      47.33      4.64     59.23      43.0
      47.31      5.37     58.91      43.2
      47.29      5.86     58.52      43.4
      47.27      6.11     58.10      43.6
      47.25      6.17     57.68      43.8
      47.23      6.08     57.28      43.9
      47.21      5.82     56.93      44.0
      47.19      5.39     56.64      44.0
      47.17      4.79     56.41      44.1
      47.15      4.03     56.20      44.1
      47.13      3.13     56.00      44.1
      47.11      2.16     55.77      44.1
      47.09      1.17     55.49      44.1
      47.07      0.18     55.16      44.1
      47.05     -0.84     54.84      44.3
      47.03     -1.88     54.55      44.6
      47.01     -2.89     54.26      44.9
      46.99     -3.80     53.96      44.9
      46.97     -4.56     53.62      44.6
      46.95     -5.15     53.25      44.0
      46.93     -5.58     52.85      43.1
      46.91     -6.00     52.47      42.0
      46.89     -6.57     52.20      41.0
      46.87     -7.39     52.10      40.1
      46.85     -8.44     52.19      39.4
      46.83     -9.72     52.46      38.9
      46.81    -11.11     52.86      38.6
      46.79    -12.49     53.30      38.4
      46.77    -13.74     53.75      38.3
      46.75    -14.75     54.21      38.3
      46.73    -15.43     54.71      38.4
      46.71    -15.80     55.25      38.5
      46.69    -15.89     55.80      38.7
      46.67    -15.78     56.35      38.9
      46.65    -15.58     56.86      39.1
      46.63    -15.38     57.29      39.1
      46.61    -15.15     57.67      39.0
      46.59    -14.82     58.00      38.7
      46.57    -14.31     58.27      38.3
      46.55    -13.53     58.46      37.8
      46.53    -12.41     58.52      37.5
      46.51    -11.05     58.45      37.2
      46.49     -9.58     58.25      36.8
      46.47     -8.14     57.97      36.3
      46.45     -6.93     57.71      35.9
      46.43     -6.07     57.54      35.7
      46.41     -5.56     57.51      35.6
      46.39     -5.32     57.62      35.7
      46.37     -5.30     57.85      35.9
      46.35     -5.44     58.13      36.3
      46.33     -5.69     58.42      36.7
      46.31     -6.06     58.69      37.0
      46.29     -6.55     58.93      37.4
      46.27     -7.20     59.12      37.6
      46.25     -8.08     59.23      37.7
      46.23     -9.21     59.22      37.7
      46.21    -10.49     59.03      37.6
      46.19    -11.77     58.58      37.4
      46.17    -12.96     57.89      37.0
      46.15    -14.03     57.06      36.6
      46.13    -14.96     56.17      36.2
      46.11    -15.72     55.27      35.7
      46.09    -16.23     54.41      35.4
      46.07    -16.50     53.63      35.3
      46.05    -16.57     52.99      35.2
      46.03    -16.49     52.51      35.2
      46.01    -16.25     52.26      35.3
      45.99    -15.83     52.26      35.5
      45.97    -15.21     52.48      35.7
      45.95    -14.39     52.84      36.0
      45.93    -13.36     53.22      36.2
      45.91    -12.20     53.58      36.3
      45.89    -11.01     53.87      36.5
      45.87     -9.86     54.09      36.6
      45.85     -8.80     54.22      36.8
      45.83     -7.88     54.28      37.1
      45.81     -7.13     54.26      37.5
      45.79     -6.59     54.16      38.0
      45.77     -6.26     53.99      38.4
      45.75     -6.19     53.82      38.7
      45.73     -6.40     53.67      39.0
      45.71     -6.80     53.57      39.3
      45.69     -7.33     53.50      39.4
      45.67     -7.89     53.50      39.5
      45.65     -8.38     53.60      39.5
      45.63     -8.72     53.83      39.3
      45.61     -8.83     54.19      39.2
      45.59     -8.64     54.67      39.1
      45.57     -8.13     55.23      39.3
      45.55     -7.31     55.81      39.6
      45.53     -6.26     56.35      40.0
      45.51     -5.15     56.77      40.5
      45.49     -4.20     57.03      40.9
      45.47     -3.48     57.12      41.2
      45.45     -2.91     57.06      41.3
      45.43     -2.44     56.89      41.2
      45.41     -2.00     56.67      41.1
      45.39     -1.56     56.48      40.8
      45.37     -1.09     56.35      40.5
      45.35     -0.59     56.30      40.3
      45.33     -0.03     56.33      40.1
      45.31      0.58     56.41      39.9
      45.29      1.28     56.51      39.7
      45.27      2.02     56.57      39.4
      45.25      2.72     56.55      39.1
      45.23      3.29     56.43      38.8
      45.21      3.64     56.26      38.5
      45.19      3.71     56.13      38.4
      45.17      3.52     56.07      38.4
      45.15      3.12     56.08      38.4
      45.13      2.60     56.14      38.5
      45.11      1.98     56.25      38.5
      45.09      1.33     56.43      38.6
      45.07      0.68     56.66      38.8
      45.05      0.11     56.89      38.9
      45.03     -0.35     57.07      39.0
      45.01     -0.70     57.19      39.1
      44.99     -0.98     57.21      39.0
      44.97     -1.19     57.10      38.9
      44.95     -1.29     56.79      38.6
      44.93     -1.27     56.25      38.2
      44.91     -1.20     55.53      37.7
      44.89     -1.15     54.70      37.3
      44.87     -1.11     53.83      37.1
      44.85     -0.94     52.93      36.8
      44.83     -0.54     51.99      36.6
      44.81      0.08     51.04      36.5
      44.79      0.90     50.08      36.4
      44.77      1.82     49.14      36.3
      44.75      2.68     48.25      36.4
      44.73      3.38     47.43      36.4
      44.71      3.92     46.68      36.3
      44.69      4.36     46.00      36.1
      44.67      4.69     45.38      35.8
      44.65      4.93     44.82      35.4
      44.63      5.06     44.34      35.1
      44.61      5.14     43.91      34.8
      44.59      5.24     43.53      34.6
      44.57      5.38     43.20      34.6
      44.55      5.61     42.89      34.7
      44.53      5.93     42.59      34.7
      44.51      6.29     42.44      34.8
      44.49      6.64     42.58      34.9
      44.47      6.96     42.96      35.1
      44.45      7.25     43.37      35.2
      44.43      7.52     43.61      35.3
      44.41      7.72     43.57      35.2
      44.39      7.80     43.17      34.9
      44.37      7.73     42.47      34.5
      44.35      7.52     41.66      34.0
      44.33      7.19     40.91      33.5
      44.31      6.83     40.25      32.9
      44.29      6.60     39.69      32.3
      44.27      6.53     39.23      31.6
      44.25      6.63     38.89      30.9
      44.23      6.86     38.70      30.0
      44.21      7.19     38.76      29.2
      44.19      7.55     39.22      28.4
      44.17      7.87     40.13      27.7
      44.15      8.07     41.54      27.1
      44.13      8.08     43.38      26.8
      44.11      7.82     45.50      26.6
      44.09      7.27     47.68      26.5
      44.07      6.41     49.77      26.6
      44.05      5.33     51.62      26.7
      44.03      4.12     53.15      27.0
      44.01      3.00     54.35      27.4
      43.99      2.18     55.28      27.9
      43.97      1.71     56.02      28.3
      43.95      1.50     56.64      28.7
      43.93      1.46     57.21      29.0
      43.91      1.57     57.76      29.2
      43.89      1.83     58.29      29.4
      43.87      2.20     58.79      29.8
      43.85      2.60     59.29      30.2
      43.83      2.94     59.79      30.5
      43.81      3.13     60.28      30.9
      43.79      3.10     60.76      31.1
      43.77      2.76     61.21      31.3
      43.75      2.05     61.56      31.4
      43.73      0.96     61.79      31.6
      43.71     -0.28     61.89      31.7
      43.69     -1.42     61.87      31.8
      43.67     -2.35     61.76      31.7
      43.65     -3.04     61.58      31.6
      43.63     -3.54     61.33      31.5
      43.61     -3.98     61.05      31.3
      43.59     -4.54     60.78      31.3
      43.57     -5.23     60.51      31.3
      43.55     -5.92     60.24      31.3
      43.53     -6.50     59.94      31.3
      43.51     -7.02     59.59      31.2
      43.49     -7.56     59.18      31.1
      43.47     -8.20     58.71      31.2
      43.45     -9.05     58.17      31.2
      43.43    -10.15     57.58      31.1
      43.41    -11.38     56.96      30.9
      43.39    -12.54     56.36      30.6
      43.37    -13.57     55.79      30.3
      43.35    -14.48     55.22      30.0
      43.33    -15.26     54.65      29.8
      43.31    -15.88     54.10      29.6
      43.29    -16.32     53.60      29.4
      43.27    -16.60     53.19      29.1
      43.25    -16.75     52.95      28.8
      43.23    -16.82     52.95      28.6
      43.21    -16.80     53.13      28.5
      43.19    -16.66     53.40      28.4
      43.17    -16.40     53.71      28.3
      43.15    -16.06     54.00      28.2
      43.13    -15.65     54.24      28.2
      43.11    -15.20     54.39      28.1
      43.09    -14.75     54.41      28.2
      43.07    -14.30     54.25      28.4
      43.05    -13.83     53.80      28.5
      43.03    -13.35     53.00      28.6
      43.01    -12.87     51.90      28.5
      42.99    -12.38     50.58      28.4
      42.97    -11.97     49.16      28.3
      42.95    -11.75     47.78      28.3
      42.93    -11.76     46.57      28.4
      42.91    -11.86     45.52      28.6
      42.89    -11.85     44.59      28.9
      42.87    -11.61     43.77      29.1
      42.85    -11.06     43.04      29.3
      42.83    -10.18     42.42      29.4
      42.81     -9.09     41.93      29.4
      42.79     -7.95     41.63      29.3
      42.77     -6.94     41.61      29.1
      42.75     -6.26     42.02      29.1
      42.73     -6.07     42.93      29.1
      42.71     -6.33     44.04      29.2
      42.69     -6.94     44.99      29.3
      42.67     -7.74     45.59      29.3
      42.65     -8.52     45.77      29.3
      42.63     -9.09     45.52      29.1
      42.61     -9.30     44.95      29.0
      42.59     -9.08     44.17      28.8
      42.57     -8.46     43.33      28.6
      42.55     -7.68     42.58      28.6
      42.53     -6.93     42.05      28.6
      42.51     -6.38     41.83      28.9
      42.49     -6.15     42.00      29.3
      42.47     -6.23     42.46      29.8
      42.45     -6.47     43.05      30.2
      42.43     -6.73     43.61      30.3
      42.41     -6.93     44.16      30.3
      42.39     -7.02     44.72      30.1
      42.37     -6.98     45.32      29.8
      42.35     -6.85     45.97      29.3
      42.33     -6.73     46.70      28.9
      42.31     -6.88     47.60      28.4
      42.29     -7.64     48.72      28.1
      42.27     -9.02     50.02      27.9
      42.25    -10.65     51.30      27.7
      42.23    -12.18     52.44      27.4
      42.21    -13.52     53.47      27.1
      42.19    -14.64     54.48      26.7
      42.17    -15.55     55.51      26.4
      42.15    -16.26     56.58      26.0
      42.13    -16.80     57.71      25.6
      42.11    -17.23     58.80      25.3
      42.09    -17.65     59.77      24.9
      42.07    -18.28     60.58      24.6
      42.05    -19.51     61.31      24.2
      42.03    -21.65     62.00      23.8
      42.01    -24.57     62.61      23.3
      41.99    -27.96     63.11      22.8
      41.97    -31.47     63.43      22.1
      41.95    -34.71     63.46      21.4
      41.93    -37.27     63.11      20.5
      41.91    -39.14     62.34      19.5
      41.89    -40.38     61.14      18.5
      41.87    -41.00     59.51      17.5
      41.85    -40.90     57.53      16.5
      41.83    -40.14     55.25      15.4
      41.81    -39.39     52.65      14.4
      41.79    -39.45     49.75      13.4
      41.77    -40.57     46.60      12.6
      41.75    -42.32     43.36      11.9
      41.73    -44.31     40.23      11.4
      41.71    -46.31     37.32      11.0
      41.69    -48.20     34.60      10.6
      41.67    -49.82     31.84      10.2
      41.65    -50.90     28.71       9.6
      41.63    -51.18     24.87       9.0
      41.61    -50.66     20.43       8.4
      41.59    -49.39     15.67       7.8
      41.57    -47.49     10.61       7.3
      41.55    -45.21      5.04       6.8
      41.53    -42.77     -0.94       6.4
      41.51    -39.72     -6.06       6.2
      41.49    -35.37     -8.76       6.0
      41.47    -29.73     -8.40       5.9
      41.45    -23.64     -5.44       5.8
      41.43    -18.07     -0.63       5.9
      41.41    -14.06      5.05       6.0
      41.39    -12.44     10.75       6.2
      41.37    -12.56     16.37       6.3
      41.35    -12.43     22.38       6.5
      41.33    -10.63     28.35       6.7
      41.31     -8.46     30.83       6.7
      41.29     -8.00     25.86       6.5
      41.27     -9.50     12.42       6.2
      41.25    -11.34     -4.60       6.3
      41.23    -12.51    -18.75       6.8
      41.21    -13.94    -29.47       7.5
      41.19    -17.01    -38.31       8.0
      41.17    -22.56    -46.03       8.5
      41.15    -30.63    -52.37       9.0
      41.13    -40.76    -56.93       9.5
      41.11    -52.30    -59.69       9.8
      41.09    -64.77    -60.89       9.9
      41.07    -78.14    -60.57       9.8
      41.05    -91.67    -58.58       9.7
      41.03   -103.51    -55.11       9.8
      41.01   -112.24    -50.93      10.1
      40.99   -117.94    -46.85      10.4
      40.97   -121.55    -43.53      10.6
      40.95   -124.08    -41.66      10.9
      40.93   -126.07    -41.53      11.1
      40.91   -127.44    -42.31      11.3
      40.89   -127.87    -43.03      11.5
      40.87   -127.56    -43.52      11.5
      40.85   -127.33    -44.36      11.5
      40.83   -127.81    -45.95      11.5
      40.81   -128.76    -47.85      11.5
      40.79   -129.72    -49.53      11.2
      40.77   -130.70    -50.84      10.6
      40.75   -132.34    -51.87       9.7
      40.73   -135.42    -52.78       8.6
      40.71   -139.88    -54.30       7.3
      40.69   -145.62    -57.96       6.0
      40.67   -154.94    -64.79       4.8
      40.65    178.00    -73.36       3.5
      40.63    106.82    -67.85       2.3
      40.61     73.09    -23.56       1.7
      40.59     58.98     21.72       2.3
      40.57     47.67     39.59       3.5
      40.55     36.02     44.60       4.7
      40.53     24.42     42.53       5.5
      40.51     14.35     36.84       6.0
      40.49      5.54     29.23       6.3
      40.47     -2.81     19.48       6.3
      40.45    -10.65      7.06       6.4
      40.43    -17.35     -6.31       6.9
      40.41    -22.55    -16.78       7.8
      40.39    -26.23    -22.57       8.7
      40.37    -28.87    -25.10       9.4
      40.35    -31.30    -26.75       9.9
      40.33    -34.00    -28.67      10.5
      40.31    -36.72    -29.70      10.8
      40.29    -39.04    -28.42      10.9
      40.27    -40.79    -24.87      10.8
      40.25    -42.03    -20.60      10.7
      40.23    -42.76    -16.91      10.7
      40.21    -42.72    -12.62      10.7
      40.19    -41.64     -5.67      10.5
      40.17    -39.46      4.68      10.3
      40.15    -36.47     16.77      10.4
      40.13    -32.95     28.18      11.0
      40.11    -28.91     37.48      12.0
      40.09    -24.37     44.24      13.1
      40.07    -19.71     48.94      14.2
      40.05    -15.54     52.45      15.3
      40.03    -12.20     55.42      16.3
      40.01     -9.32     58.01      17.2
      39.99     -6.45     60.21      18.1
      39.97     -3.42     62.03      18.9
      39.95     -0.32     63.60      19.7
      39.93      2.74     64.98      20.6
      39.91      5.56     66.19      21.3
      39.89      7.95     67.26      22.0
      39.87      9.83     68.18      22.6
      39.85     11.22     68.89      23.0
      39.83     12.14     69.36      23.2
      39.81     12.71     69.66      23.2
      39.79     13.09     69.90      23.2
      39.77     13.32     70.11      23.1
      39.75     13.27     70.27      23.0
      39.73     12.85     70.37      22.8
      39.71     12.01     70.45      22.7
      39.69     10.74     70.52      22.6
      39.67      9.14     70.61      22.4
      39.65      7.37     70.73      22.3
      39.63      5.59     70.87      22.2
      39.61      3.75     70.93      22.0
      39.59      1.75     70.77      21.6
      39.57     -0.46     70.32      21.0
      39.55     -2.89     69.59      20.5
      39.53     -5.40     68.58      20.0
      39.51     -7.63     67.31      19.5
      39.49     -9.24     65.84      19.1
      39.47    -10.27     64.29      18.7
      39.45    -11.05     62.87      18.4
      39.43    -11.86     61.79      18.0
      39.41    -12.81     61.05      17.7
      39.39    -14.00     60.57      17.4
      39.37    -15.50     60.26      17.1
      39.35    -17.35     60.00      16.8
      39.33    -19.56     59.68      16.4
      39.31    -21.96     59.20      16.0
      39.29    -24.39     58.53      15.5
      39.27    -26.85     57.67      15.0
      39.25    -29.50     56.74      14.4
      39.23    -32.47     55.88      14.0
      39.21    -35.70     55.26      13.7
      39.19    -39.11     55.10      13.6
      39.17    -42.40     55.44      13.7
      39.15    -45.08     56.23      13.9
      39.13    -46.74     57.44      14.1
      39.11    -47.36     58.96      14.4
      39.09    -46.92     60.65      14.6
      39.07    -45.41     62.39      14.9
      39.05    -42.81     64.05      15.2
      39.03    -39.22     65.50      15.5
      39.01    -35.19     66.65      15.9
      38.99    -31.46     67.45      16.3
      38.97    -28.52     67.95      16.7
      38.95    -26.46     68.17      17.1
      38.93    -25.24     68.16      17.3
      38.91    -24.57     68.00      17.3
      38.89    -24.14     67.75      17.3
      38.87    -23.63     67.45      17.2
      38.85    -22.72     67.10      17.3
      38.83    -21.16     66.71      17.6
      38.81    -18.75     66.36      18.1
      38.79    -15.33     66.10      18.7
      38.77    -11.06     65.91      19.4
      38.75     -6.40     65.77      20.2
      38.73     -1.72     65.66      21.0
      38.71      2.49     65.55      21.8
      38.69      5.78     65.42      22.8
      38.67      8.18     65.32      23.7
      38.65     10.15     65.29      24.7
      38.63     12.05     65.32      25.5
      38.61     13.86     65.36      26.2
      38.59     15.49     65.35      26.8
      38.57     16.94     65.26      27.2
      38.55     18.38     65.15      27.4
      38.53     19.86     65.02      27.4
      38.51     21.07     64.93      27.3
      38.49     21.60     64.96      27.0
      38.47     21.32     65.11      26.8
      38.45     20.42     65.31      26.5
      38.43     19.09     65.49      26.2
      38.41     17.47     65.64      26.0
      38.39     15.68     65.76      25.8
      38.37     13.74     65.86      25.6
      38.35     11.63     65.93      25.5
      38.33      9.35     65.97      25.6
      38.31      7.17     65.98      25.8
      38.29      5.35     66.01      26.0
      38.27      3.92     66.07      26.2
      38.25      2.68     66.20      26.3
      38.23      1.47     66.38      26.4
      38.21      0.23     66.56      26.4
      38.19     -1.04     66.63      26.5
      38.17     -2.19     66.53      26.6
      38.15     -2.97     66.25      26.6
      38.13     -3.17     65.73      26.4
      38.11     -2.78     64.93      26.1
      38.09     -1.84     63.78      25.8
      38.07     -0.64     62.29      25.5
      38.05      0.37     60.54      25.4
      38.03      0.90     58.69      25.4
      38.01      1.01     56.86      25.6
      37.99      0.82     55.20      26.1
      37.97      0.45     53.77      26.7
      37.95     -0.01     52.56      27.4
      37.93     -0.46     51.58      28.2
      37.91     -0.83     50.82      28.8
      37.89     -1.01     50.29      29.4
      37.87     -1.01     49.93      29.7
      37.85     -0.83     49.70      29.8
      37.83     -0.52     49.54      29.8
      37.81     -0.11     49.43      29.6
      37.79      0.36     49.36      29.4
      37.77      0.85     49.34      29.1
      37.75      1.32     49.42      28.8
      37.73      1.71     49.62      28.6
      37.71      2.06     49.91      28.3
      37.69      2.41     50.24      28.1
      37.67      2.79     50.54      27.8
      37.65      3.25     50.76      27.5
      37.63      3.81     50.85      27.2
      37.61      4.35     50.81      26.8
      37.59      4.72     50.66      26.5
      37.57      4.86     50.42      26.1
      37.55      4.81     50.14      25.9
      37.53      4.60     49.86      25.7
      37.51      4.34     49.62      25.6
      37.49      4.12     49.42      25.5
      37.47      3.95     49.27      25.4
      37.45      3.79     49.18      25.3
      37.43      3.61     49.16      25.3
      37.41      3.47     49.20      25.3
      37.39      3.49     49.31      25.4
      37.37      3.65     49.50      25.5
      37.35      3.85     49.80      25.9
      37.33      3.96     50.22      26.4
      37.31      3.84     50.76      27.2
      37.29      3.37     51.39      28.1
      37.27      2.58     52.05      29.2
      37.25      1.63     52.64      30.1
      37.23      0.66     53.12      30.6
      37.21     -0.26     53.47      30.8
      37.19     -1.07     53.71      30.7
      37.17     -1.73     53.82      30.4
      37.15     -2.26     53.79      30.0
      37.13     -2.64     53.61      29.5
      37.11     -2.75     53.27      29.0
      37.09     -2.42     52.76      28.4
      37.07     -1.72     52.09      27.7
      37.05     -0.94     51.32      27.3
      37.03     -0.34     50.51      27.0
      37.01     -0.05     49.72      26.9
      36.99     -0.14     48.97      26.7
      36.97     -0.60     48.31      26.5
      36.95     -1.37     47.75      26.1
      36.93     -2.42     47.32      25.6
      36.91     -3.69     47.00      25.1
      36.89     -5.10     46.73      24.8
      36.87     -6.52     46.47      24.6
      36.85     -7.80     46.16      24.5
      36.83     -8.86     45.78      24.5
      36.81     -9.67     45.41      24.6
      36.79    -10.28     45.11      24.6
      36.77    -10.72     44.96      24.7
      36.75    -11.03     44.96      24.8
      36.73    -11.24     45.13      24.8
      36.71    -11.32     45.42      24.7
      36.69    -11.24     45.78      24.6
      36.67    -11.00     46.17      24.5
      36.65    -10.58     46.57      24.5
      36.63    -10.03     46.92      24.5
      36.61     -9.40     47.27      24.6
      36.59     -8.74     47.64      24.7
      36.57     -8.11     48.05      24.9
      36.55     -7.48     48.52      25.2
      36.53     -6.86     49.04      25.5
      36.51     -6.21     49.58      25.7
      36.49     -5.51     50.13      25.9
      36.47     -4.76     50.66      26.1
      36.45     -3.99     51.16      26.2
      36.43     -3.22     51.58      26.3
      36.41     -2.53     51.85      26.3
      36.39     -1.99     51.86      26.3
      36.37     -1.67     51.61      26.2
      36.35     -1.62     51.21      26.1
      36.33     -1.87     50.75      25.9
      36.31     -2.33     50.33      25.8
      36.29     -2.88     50.02      25.7
      36.27     -3.44     49.89      25.7
      36.25     -3.96     49.99      25.7
      36.23     -4.37     50.32      25.8
      36.21     -4.64     50.84      26.0
      36.19     -4.74     51.43      26.2
      36.17     -4.66     52.04      26.4
      36.15     -4.45     52.59      26.6
      36.13     -4.15     53.05      26.8
      36.11     -3.81     53.42      27.1
      36.09     -3.46     53.69      27.3
      36.07     -3.18     53.88      27.5
      36.05     -3.03     53.99      27.8
      36.03     -3.10     54.01      28.1
      36.01     -3.41     54.02      28.5
      35.99     -4.01     54.06      28.9
      35.97     -4.84     54.15      29.3
      35.95     -5.82     54.21      29.6
      35.93     -6.83     54.19      29.9
      35.91     -7.81     54.12      30.1
      35.89     -8.70     54.01      30.3
      35.87     -9.42     53.91      30.4
      35.85     -9.87     53.86      30.4
      35.83     -9.95     53.91      30.4
      35.81     -9.62     54.09      30.4
      35.79     -8.88     54.45      30.5
      35.77     -7.76     54.93      30.6
      35.75     -6.43     55.38      30.7
      35.73     -5.06     55.70      30.8
      35.71     -3.77     55.87      30.9
      35.69     -2.66     55.90      30.9
      35.67     -1.77     55.82      30.8
      35.65     -1.06     55.70      30.7
      35.63     -0.50     55.59      30.6
      35.61     -0.13     55.47      30.5
      35.59      0.00     55.32      30.4
      35.57     -0.10     55.16      30.3
      35.55     -0.40     55.02      30.1
      35.53     -0.84     54.93      29.9
      35.51     -1.33     54.80      29.6
      35.49     -1.76     54.54      29.3
      35.47     -2.12     54.08      29.1
      35.45     -2.49     53.34      28.7
      35.43     -2.93     52.30      28.3
      35.41     -3.38     51.04      27.7
      35.39     -3.74     49.66      27.1
      35.37     -3.97     48.24      26.4
      35.35     -4.11     46.83      25.7
      35.33     -4.17     45.52      25.1
      35.31     -4.17     44.54      24.7
      35.29     -4.11     44.17      24.6
      35.27     -3.98     44.45      24.8
      35.25     -3.72     45.15      25.3
      35.23     -3.29     46.05      25.8
      35.21     -2.64     47.06      26.4
      35.19     -1.72     48.11      27.0
      35.17     -0.54     49.11      27.5
      35.15      0.78     50.00      28.0
      35.13      2.15     50.72      28.5
      35.11      3.43     51.29      28.8
      35.09      4.51     51.77      29.1
      35.07      5.35     52.14      29.1
      35.05      5.92     52.35      29.1
      35.03      6.23     52.34      28.8
      35.01      6.32     52.20      28.3
      34.99      6.23     52.02      27.6
      34.97      6.01     51.93      26.7
      34.95      5.67     52.03      25.6
      34.93      5.26     52.44      24.3
      34.91      4.84     53.18      23.0
      34.89      4.50     54.22      21.8
      34.87      4.37     55.49      20.5
      34.85      4.53     56.76      19.3
      34.83      5.14     57.86      18.0
      34.81      6.37     58.79      16.8
      34.79      8.43     59.59      15.6
      34.77     11.34     60.24      14.5
      34.75     14.79     60.62      13.7
      34.73     18.16     60.63      13.1
      34.71     20.91     60.27      12.7
      34.69     22.68     59.59      12.3
      34.67     23.63     58.70      12.0
      34.65     24.31     57.78      11.6
      34.63     25.17     56.98      11.3
      34.61     26.07     56.35      11.2
      34.59     26.77     55.91      11.3
      34.57     27.28     55.41      11.6
      34.55     27.88     54.33      11.7
      34.53     28.71     52.27      11.7
      34.51     29.41     49.51      11.5
      34.49     29.60     46.57      11.3
      34.47     29.16     43.72      11.0
      34.45     28.13     40.93      10.7
      34.43     26.56     38.13      10.5
      34.41     24.47     35.13      10.2
      34.39     21.90     31.71       9.9
      34.37     18.96     27.90       9.7
      34.35     15.80     24.02       9.6
      34.33     12.52     20.46       9.5
      34.31      9.16     17.72       9.4
      34.29      5.73     16.29       9.4
      34.27      2.30     16.24       9.4
      34.25     -0.99     17.31       9.5
      34.23     -3.98     19.28       9.6
      34.21     -6.68     22.27       9.7
      34.19     -9.12     26.43       9.9
      34.17    -11.24     31.33      10.3
      34.15    -12.91     36.26      10.7
      34.13    -14.02     40.81      11.2
      34.11    -14.63     45.20      11.7
      34.09    -14.81     49.58      12.5
      34.07    -14.46     53.84      13.7
      34.05    -13.37     57.80      15.1
      34.03    -11.32     61.27      17.0
      34.01     -8.27     63.96      19.0
      33.99     -4.24     65.75      21.0
      33.97      0.19     66.76      22.9
      33.95      4.17     67.24      24.5
      33.93      7.16     67.40      25.9
      33.91      9.13     67.37      26.9
      33.89     10.16     67.22      27.7
      33.87     10.30     66.96      28.4
      33.85      9.60     66.54      29.0
      33.83      8.24     65.94      29.7
      33.81      6.58     65.19      30.3
      33.79      5.00     64.35      30.8
      33.77      3.65     63.51      31.2
      33.75      2.55     62.74      31.5
      33.73      1.69     62.15      31.8
      33.71      0.88     61.75      32.1
      33.69     -0.07     61.52      32.4
      33.67     -1.26     61.40      32.8
      33.65     -2.65     61.30      33.2
      33.63     -4.18     61.13      33.7
      33.61     -5.84     60.89      34.2
      33.59     -7.58     60.59      34.9
      33.57     -9.33     60.29      35.6
      33.55    -10.98     60.03      36.2
      33.53    -12.46     59.86      36.6
      33.51    -13.77     59.80      36.7
      33.49    -14.88     59.86      36.7
      33.47    -15.78     60.03      36.5
      33.45    -16.50     60.28      36.3
      33.43    -17.01     60.54      36.3
      33.41    -17.18     60.77      36.5
      33.39    -16.86     60.89      36.8
      33.37    -16.00     60.87      37.2
      33.35    -14.60     60.70      37.6
      33.33    -12.76     60.39      38.0
      33.31    -10.64     59.95      38.3
      33.29     -8.45     59.41      38.5
      33.27     -6.35     58.78      38.4
      33.25     -4.53     58.09      38.2
      33.23     -3.13     57.36      37.9
      33.21     -2.10     56.63      37.5
      33.19     -1.32     55.95      37.3
      33.17     -0.79     55.35      37.1
      33.15     -0.48     54.79      37.0
      33.13     -0.40     54.25      37.0
      33.11     -0.43     53.71      37.1
      33.09     -0.46     53.13      37.1
      33.07     -0.43     52.52      37.1
      33.05     -0.35     51.92      37.1
      33.03     -0.22     51.37      37.2
      33.01     -0.03     50.88      37.4
      32.99      0.23     50.48      37.6
      32.97      0.53     50.18      38.0
      32.95      0.82     50.03      38.4
      32.93      1.05     50.05      38.9
      32.91      1.28     50.17      39.4
      32.89      1.57     50.36      39.7
      32.87      1.90     50.60      39.9
      32.85      2.15     50.97      40.1
      32.83      2.21     51.51      40.3
      32.81      2.05     52.20      40.6
      32.79      1.66     53.01      41.0
      32.77      1.11     53.86      41.4
      32.75      0.55     54.64      41.7
      32.73      0.09     55.31      41.8
      32.71     -0.28     55.92      41.9
      32.69     -0.64     56.54      42.1
      32.67     -0.98     57.18      42.5
      32.65     -1.20     57.79      42.9
      32.63     -1.23     58.34      43.2
      32.61     -1.11     58.82      43.3
      32.59     -0.90     59.23      43.5
      32.57     -0.67     59.56      43.7
      32.55     -0.47     59.82      43.8
      32.53     -0.33     60.00      43.7
      32.51     -0.14     60.12      43.6
      32.49      0.23     60.17      43.4
      32.47      0.79     60.16      43.2
      32.45      1.47     60.09      43.0
      32.43      2.16     59.97      42.7
      32.41      2.78     59.86      42.4
      32.39      3.24     59.81      42.0
      32.37      3.52     59.81      41.7
      32.35      3.69     59.80      41.3
      32.33      3.80     59.71      41.0
      32.31      3.90     59.51      40.6
      32.29      4.03     59.15      40.1
      32.27      4.26     58.65      39.7
      32.25      4.64     58.08      39.2
      32.23      5.24     57.51      38.7
      32.21      6.14     57.12      38.4
      32.19      7.42     57.05      38.1
      32.17      9.08     57.32      38.1
      32.15     11.03     57.78      38.2
      32.13     13.13     58.27      38.3
      32.11     15.25     58.73      38.5
      32.09     17.24     59.11      38.7
      32.07     18.98     59.42      38.7
      32.05     20.38     59.70      38.7
      32.03     21.34     60.03      38.7
      32.01     21.88     60.48      38.6
      31.99     21.97     61.16      38.7
      31.97     21.65     62.04      38.8
      31.95     20.97     63.02      39.1
      31.93     19.96     64.00      39.4
      31.91     18.64     64.88      39.7
      31.89     17.02     65.59      39.9
      31.87     15.16     66.12      40.1
      31.85     13.17     66.50      40.1
      31.83     11.11     66.77      40.1
      31.81      9.02     66.98      40.0
      31.79      6.87     67.18      39.9
      31.77      4.72     67.38      39.8
      31.75      2.71     67.48      39.7
      31.73      0.97     67.42      39.7
      31.71     -0.47     67.19      39.6
      31.69     -1.65     66.75      39.5
      31.67     -2.61     66.15      39.2
      31.65     -3.38     65.48      38.8
      31.63     -4.02     64.83      38.4
      31.61     -4.56     64.29      38.2
      31.59     -5.04     63.98      38.1
      31.57     -5.46     63.90      38.2
      31.55     -5.85     64.00      38.3
      31.53     -6.21     64.21      38.2
      31.51     -6.65     64.45      37.9
      31.49     -7.31     64.64      37.4
      31.47     -8.26     64.75      36.8
      31.45     -9.53     64.82      36.2
      31.43    -11.07     64.87      35.7
      31.41    -12.66     64.97      35.3
      31.39    -13.97     65.18      35.1
      31.37    -14.78     65.55      34.9
      31.35    -14.89     66.10      34.9
      31.33    -14.20     66.83      34.8
      31.31    -12.93     67.66      34.9
      31.29    -11.42     68.48      35.1
      31.27     -9.84     69.23      35.5
      31.25     -8.04     69.88      35.9
      31.23     -5.88     70.43      36.1
      31.21     -3.47     70.83      36.2
      31.19     -0.98     71.07      36.0
      31.17      1.35     71.14      35.6
      31.15      3.19     71.04      34.9
      31.13      4.27     70.79      33.9
      31.11      4.63     70.39      32.8
      31.09      4.39     69.83      31.6
      31.07      3.65     69.11      30.4
      31.05      2.54     68.22      29.4
      31.03      1.21     67.18      28.6
      31.01     -0.21     66.03      28.0
      30.99     -1.60     64.85      27.7
      30.97     -2.83     63.67      27.5
      30.95     -3.79     62.49      27.4
      30.93     -4.42     61.28      27.4
      30.91     -4.88     60.02      27.3
      30.89     -5.35     58.69      27.4
      30.87     -5.91     57.32      27.6
      30.85     -6.57     55.92      27.8
      30.83     -7.29     54.55      28.1
      30.81     -7.96     53.31      28.4
      30.79     -8.47     52.27      28.7
      30.77     -8.74     51.48      28.8
      30.75     -8.78     50.87      28.8
      30.73     -8.59     50.41      28.7
      30.71     -8.34     50.09      28.6
      30.69     -8.21     49.92      28.6
      30.67     -8.28     49.89      28.6
      30.65     -8.47     49.95      28.7
      30.63     -8.73     50.04      28.7
      30.61     -9.03     50.12      28.7
      30.59     -9.35     50.17      28.6
      30.57     -9.65     50.18      28.5
      30.55     -9.83     50.15      28.4
      30.53     -9.81     50.10      28.2
      30.51     -9.54     50.03      28.0
      30.49     -8.95     49.95      27.8
      30.47     -8.06     49.84      27.6
      30.45     -6.98     49.67      27.4
      30.43     -5.83     49.45      27.2
      30.41     -4.74     49.21      27.1
      30.39     -3.86     49.02      27.0
      30.37     -3.25     48.92      26.7
      30.35     -2.92     48.91      26.5
      30.33     -2.89     49.00      26.4
      30.31     -3.06     49.15      26.3
      30.29     -3.32     49.32      26.3
      30.27     -3.63     49.47      26.4
      30.25     -3.96     49.58      26.6
      30.23     -4.32     49.63      26.7
      30.21     -4.71     49.59      26.8
      30.19     -5.11     49.43      27.0
      30.17     -5.54     49.18      27.1
      30.15     -6.03     48.90      27.1
      30.13     -6.60     48.66      27.2
      30.11     -7.24     48.51      27.3
      30.09     -7.97     48.49      27.4
      30.07     -8.78     48.56      27.5
      30.05     -9.73     48.61      27.5
      30.03    -10.82     48.54      27.5
      30.01    -12.04     48.36      27.4
      29.99    -13.32     48.11      27.2
      29.97    -14.63     47.82      27.0
      29.95    -15.94     47.50      26.8
